0.5-4Hz

Only spikes
[0.0007723718997344459, 0.0003425149587382396, 0.02202665901047866, 0.002919655637501122, 0.0037346406337484287, 0.0012234883758988596, 6.195195946297924e-05, 0.006262778309785901, 0.012037141645630632, -1.755221418320416e-05, 0.000295454814201856, 0.00468247479618758, 3.4626324483640746e-05, -4.592393590628684e-05, 0.003030855509952853, 0.00040953595313653415, 0.0007086356998085637, 0.0008917944669799378, 0.00013894876707728788, 0.0006187392662707545, 0.0035684367479582968, 2.0694804457851728e-05, 0.009107209010496272, 5.463883454529759e-05, 0.00039013640904025096, 0.0014224332089412903, 0.0006136344623697067, 0.002208526950576265, 0.0051137614069914844, 0.0032850266188700983, 0.0022919660619163265, 0.0008247675425766098, -8.956777178100292e-05, 8.485790660009983e-05, 0.0007890243561049184, 0.0014306136264330403, -0.00010477873930297308, 0.0004780328414646021, 0.0012049290268737504, -1.7494178368984515e-05, 3.797437588264821e-06, -0.00010399757066081712, 0.0053251124320771144, 0.00046774222665600743, -0.00011463535847741899, 0.0017290256870242892, -8.943443066223619e-05, -8.943443066223619e-05, 0.009313007242379039, 0.0016172268687505292, 0.0026266100829977672, 0.0005247994361845732, 0.0013112939388532148, 0.000532829102466277, 0.0006381722266876538, 0.003407935137657706, 0.002074085843436211, 8.552743352981899e-05, 0.0032422884353729992, 1.4075047843506802e-05, -3.6727559735608506e-05, 0.0027717083329920093, -0.00010736895629771099, 0.006982097062244011, 0.002130184515750777, 0.0027893366594088018, 0.0006390765540037758, 0.005720213377786579, 0.0021167001950682337, 0.0015563761694775788, 0.003606582435844218, 0.015730783499833107, 0.00964421181861213, -0.00011673581074659933, 0.002894682174394789, 0.008042216936252691, 4.078277534528693e-06, -8.943443066223619e-05, -8.943443066223619e-05, -6.307597712676623e-05, 0.0013512337614563408, -8.943443066223619e-05, 0.0026823133936540386, -8.943443066223619e-05, 0.0038809642689100195, -8.788934947792892e-05, 0.0017098720688607859, 0.0008271359164031862, -7.15155626797278e-05, 0.00011666694545308692, 0.002009719972571416, 0.00018798163750453973, -0.00010421770738033798, 0.00028391924550312075, -8.943443066223619e-05, -8.943443066223619e-05]

Spike*abs(angle)*sync
[0.0016135050354233866, -8.776801350367007e-05, 0.016374676798731655, 0.0031856074819479985, 0.004543464424517495, 0.0018746344895423687, 0.0006280434761549328, 0.010377851745761592, 0.013772084630648669, 0.0002206967222748084, 0.00036057357260132556, 0.005041771910211383, 0.00030982856543566905, 0.00038632471805690605, 0.004085993483862152, 0.0010250620984084422, 0.0027444349704243815, 0.0015808737613894704, -0.00011732743156232914, 0.001221703260906928, 0.004635026289779653, -1.971544964345451e-06, 0.010727245574604378, 4.3788976252487916e-05, 0.0012846938999574024, 0.001795661920374134, 0.0016994533879940651, 0.0026264679015199845, 0.006693193040343793, 0.0038039299569800236, 0.0001592754171586023, 0.0029052218865629996, 0.00039722634898204366, 0.00017447997031360763, 0.0005212093415325641, 0.004112177380246418, 0.00015221488060120018, 0.001019366581595272, 0.0001705761213293665, 8.365228542104596e-05, 0.0006616345755275546, -9.688597003699542e-05, 0.005855203961476092, 0.0011036494901263485, 7.484021811978975e-06, 1.833980000108932e-05, -8.943443066223619e-05, -8.943443066223619e-05, 0.011388113817913605, 0.0027586892289701427, 0.0023307067609977337, 0.001819286525712324, 0.0014002465723433242, 0.0007030405042957376, 0.00103701676274742, 0.004969321294434899, 0.0023301458271601737, 0.0005620626234571837, 0.0028312440675142057, 0.00021787831020407265, -4.0376104459983145e-05, 0.002909983374865909, -0.00010015269939557192, 0.005983617918900122, 0.0038596325216812737, 0.0031977396805951373, -0.0001158243973844196, 0.006260197535850529, 0.0025255332824030345, 0.0032298223991582544, 0.0037225626905506106, 0.013389391739152169, 0.008833599972657872, 0.0007247523697097945, 0.005362631209505156, 0.0006589178083297052, -0.00011522748929530604, -8.943443066223619e-05, -8.943443066223619e-05, -0.00010233997615272522, 0.003517073185971779, -8.943443066223619e-05, 0.0032720437370539666, -8.943443066223619e-05, 0.004507452954184714, -9.10809869801104e-05, 0.0023610086353105025, 0.0005701039122815101, -9.549124231120452e-05, 0.00034729246397377414, 0.002094515839558524, 0.0002351515857425556, 1.0944314097442004e-05, 0.0005822739490042184, -8.943443066223619e-05, -8.943443066223619e-05]

Spike*abs(angle)
[0.0015434383446509545, -8.788404013293657e-05, 0.01665261080797942, 0.0030012680546430705, 0.004379591674403272, 0.0014183723048034312, 0.000744314968198464, 0.010914678334245274, 0.012454832685924972, 0.00014946692092832251, 0.00038379616584094286, 0.0048449375736755815, 0.00029398078406790777, 0.00024244985554761777, 0.00382630751441608, 0.0008783746590568751, 0.002900838585236669, 0.0009417047700511327, -0.00011515002628311482, 0.0011778251587723305, 0.004156639643854116, 6.283060120565916e-06, 0.008958635794097544, 2.4973009305090108e-05, 0.0013579128675165744, 0.0021732293966672924, 0.0020895372344895483, 0.002425410028224759, 0.006640386978456114, 0.003622031586640173, 0.0003739203507290102, 0.0032269631482764916, 0.0005384887006124686, 0.00010464734776651191, 0.000527582353816821, 0.004059683789107443, 0.00010627831146994733, 0.0009316490167772274, 5.0468183364170024e-05, 6.766650810722199e-05, 0.000677724974098556, -9.98021366062088e-05, 0.005199325613078274, 0.0009120225470088278, -4.676866245489713e-05, 2.491524795276509e-05, -8.943443066223619e-05, -8.943443066223619e-05, 0.010790239896116629, 0.002685456493401637, 0.0019854341594458098, 0.0021348640884772674, 0.0012039306602125365, 0.0007116665043511258, 0.0009985572266368358, 0.004784766215524054, 0.002231411199767818, 0.000366582355269034, 0.0027935728893190505, 7.221106767494944e-05, -3.750350538049285e-05, 0.0029041618761913063, -0.00010288891883706261, 0.006741990985907176, 0.0033571698260254786, 0.0027899513987795555, -0.00011601049715916175, 0.006095677748386756, 0.0025774442745030274, 0.0028376391540108187, 0.003281005319711514, 0.014079232912685313, 0.009590500545310023, 0.000408317592149389, 0.005173971545224586, 0.0008174058902450062, -0.00011737564834126442, -8.943443066223619e-05, -8.943443066223619e-05, -6.228359561538942e-05, 0.0030353419430263263, -8.943443066223619e-05, 0.003447493592313769, -8.943443066223619e-05, 0.004586887355369284, -9.048616725727087e-05, 0.0022428112501479327, 0.0004679521106770217, -0.00011351782940783305, 0.00017976189547684756, 0.0021032835972437714, 0.0002051826287964713, 3.689288413367715e-05, 0.000604729816069399, -8.943443066223619e-05, -8.943443066223619e-05]
